image: Das_Map.pgm
resolution: 0.050000
origin: [-58.450000, -44.41000, 0.000000]
negate: 0
occupied_thresh: 0.65
free_thresh: 0.196

